UPHD;UPHD;UPHD;LFHD;LFHD;LFHD;RFHD;RFHD;RFHD;LBHD;LBHD;LBHD;RBHD;RBHD;RBHD;C7;C7;C7;T10;T10;T10;LBAC;LBAC;LBAC;RBAC;RBAC;RBAC;CLAV;CLAV;CLAV;STRN;STRN;STRN;LCLAV;LCLAV;LCLAV;RCLAV;RCLAV;RCLAV;LFSHO;LFSHO;LFSHO;LSHOULD;LSHOULD;LSHOULD;LBSHO;LBSHO;LBSHO;LUPA;LUPA;LUPA;LELB;LELB;LELB;LELBEXT;LELBEXT;LELBEXT;LFRM;LFRM;LFRM;LWRA;LWRA;LWRA;LWRB;LWRB;LWRB;LWRC;LWRC;LWRC;RFSHO;RFSHO;RFSHO;RSHOULD;RSHOULD;RSHOULD;RBSHO;RBSHO;RBSHO;RUPA;RUPA;RUPA;RELB;RELB;RELB;RELBEXT;RELBEXT;RELBEXT;RFRM;RFRM;RFRM;RWRA;RWRA;RWRA;RWRB;RWRB;RWRB;RWRC;RWRC;RWRC;LFWT;LFWT;LFWT;RFWT;RFWT;RFWT;LBWT;LBWT;LBWT;RBWT;RBWT;RBWT
X;Y;Z;X;Y;Z;X;Y;Z;X;Y;Z;X;Y;Z;X;Y;Z;X;Y;Z;X;Y;Z;X;Y;Z;X;Y;Z;X;Y;Z;X;Y;Z;X;Y;Z;X;Y;Z;X;Y;Z;X;Y;Z;X;Y;Z;X;Y;Z;X;Y;Z;X;Y;Z;X;Y;Z;X;Y;Z;X;Y;Z;X;Y;Z;X;Y;Z;X;Y;Z;X;Y;Z;X;Y;Z;X;Y;Z;X;Y;Z;X;Y;Z;X;Y;Z;X;Y;Z;X;Y;Z;X;Y;Z;X;Y;Z;X;Y;Z
17.557;48.232;1607.331;96.611;-23.524;1567.582;-52.029;-34.127;1565.905;71.904;72.496;1461.206;-41.525;64.556;1465.743;21.995;86.945;1299.200;32.993;91.976;1132.115;85.219;102.184;1214.178;-36.938;102.628;1196.375;26.335;-93.110;1287.315;14.203;-163.830;1096.607;70.770;-132.218;1216.348;-48.281;-122.996;1227.494;187.256;-62.188;1248.207;184.691;6.066;1321.491;195.097;70.375;1260.043;244.463;44.977;1177.388;215.317;73.531;1008.527;263.302;24.609;1029.684;271.045;-60.166;980.762;208.215;-205.552;1010.500;215.120;-201.459;940.372;237.214;-176.702;981.157;-157.222;-58.539;1259.599;-141.046;2.910;1329.826;-148.098;75.455;1269.857;-213.344;4.241;1181.777;-194.111;82.408;1016.911;-240.320;35.853;1048.622;-217.832;-39.996;1064.354;-197.267;-189.919;1045.219;-221.383;-184.642;981.699;-231.000;-160.378;1020.314;136.410;-137.890;879.120;-129.999;-114.908;888.885;113.823;62.928;956.400;-84.233;74.715;965.523
17.409;47.936;1607.430;96.414;-23.771;1567.582;-52.226;-34.324;1565.905;71.707;72.397;1461.304;-41.722;64.457;1465.842;21.798;87.093;1299.250;32.894;92.222;1132.164;85.022;102.382;1214.227;-37.037;102.825;1196.375;26.089;-92.913;1287.068;14.105;-163.337;1096.311;70.572;-131.922;1216.151;-48.478;-122.749;1227.247;187.058;-61.942;1248.009;184.494;6.165;1321.442;194.850;70.572;1260.092;244.118;45.371;1177.437;215.021;74.172;1008.626;263.154;25.398;1029.734;271.242;-59.279;980.713;208.807;-204.911;1010.155;215.810;-200.719;940.026;237.756;-175.962;980.910;-157.468;-58.194;1259.352;-141.243;3.107;1329.629;-148.246;75.751;1269.758;-213.591;4.833;1181.629;-194.308;83.296;1016.961;-240.666;36.840;1048.671;-218.325;-39.108;1064.255;-198.401;-188.982;1044.874;-222.468;-183.606;981.403;-231.986;-159.392;1019.969;136.410;-137.742;879.170;-130.048;-114.957;888.836;113.675;63.076;956.350;-84.381;74.715;965.474
17.212;47.443;1607.529;96.118;-24.264;1567.483;-52.473;-34.620;1565.757;71.559;72.200;1461.502;-41.870;64.408;1465.989;21.650;87.241;1299.151;32.894;92.469;1132.164;84.923;102.628;1214.277;-36.988;103.023;1196.227;25.793;-92.568;1286.772;13.858;-162.548;1095.917;70.276;-131.577;1215.806;-48.824;-122.256;1227.001;186.713;-61.745;1247.714;184.247;6.165;1321.245;194.653;70.720;1260.043;243.871;45.717;1177.437;215.021;74.961;1008.675;263.154;26.138;1029.783;271.439;-58.342;980.565;209.103;-204.122;1009.514;216.353;-199.782;939.484;238.151;-175.074;980.466;-157.764;-57.651;1258.908;-141.490;3.501;1329.283;-148.295;76.244;1269.512;-213.739;5.671;1181.284;-194.308;84.332;1016.813;-240.764;37.925;1048.425;-218.621;-38.171;1063.811;-198.894;-187.946;1044.085;-222.912;-182.521;980.614;-232.479;-158.307;1019.278;136.361;-137.742;879.219;-130.098;-115.105;888.786;113.626;63.175;956.202;-84.430;74.666;965.375
16.916;46.752;1607.627;95.773;-24.905;1567.335;-52.818;-35.064;1565.560;71.361;72.052;1461.748;-42.116;64.358;1466.236;21.502;87.340;1299.102;32.944;92.715;1132.066;84.825;102.875;1214.326;-36.889;103.368;1196.128;25.398;-92.370;1286.427;13.562;-161.414;1095.325;69.931;-131.232;1215.411;-49.267;-121.763;1226.606;186.269;-61.646;1247.171;183.951;6.066;1320.949;194.407;70.720;1259.944;243.625;46.013;1177.339;215.218;75.701;1008.675;263.351;26.878;1029.783;271.834;-57.454;980.466;209.251;-203.382;1008.873;217.092;-198.845;939.040;238.644;-174.236;980.121;-158.011;-57.109;1258.317;-141.884;3.945;1328.790;-148.345;76.786;1269.117;-213.739;6.460;1180.643;-193.765;85.219;1016.319;-240.419;39.010;1047.833;-218.670;-37.234;1063.022;-199.634;-186.910;1043.049;-223.553;-181.436;979.628;-233.071;-157.172;1018.292;136.311;-137.939;879.318;-130.147;-115.303;888.836;113.626;63.076;956.054;-84.430;74.518;965.277
16.669;45.963;1607.726;95.428;-25.546;1567.039;-53.163;-35.557;1565.215;71.115;71.904;1461.945;-42.363;64.358;1466.384;21.403;87.587;1299.102;32.894;93.159;1131.967;84.825;103.269;1214.375;-36.790;103.861;1196.030;24.954;-91.976;1285.934;13.168;-160.082;1094.634;69.487;-130.739;1214.819;-49.810;-121.122;1226.064;185.776;-61.498;1246.530;183.656;5.869;1320.505;194.259;70.720;1259.796;243.674;46.111;1177.141;216.353;75.603;1008.429;264.387;26.878;1029.980;273.215;-57.454;981.058;209.399;-203.432;1008.922;219.361;-198.845;939.533;239.926;-174.187;980.861;-158.257;-56.418;1257.626;-142.180;4.439;1328.248;-148.443;77.427;1268.673;-213.837;7.200;1179.952;-193.519;85.811;1015.678;-240.370;39.700;1047.192;-218.917;-36.642;1062.283;-200.423;-186.269;1042.063;-224.243;-180.697;978.740;-233.811;-156.433;1017.355;136.213;-138.136;879.367;-130.295;-115.500;888.836;113.576;62.977;955.956;-84.430;74.419;965.178
16.324;45.223;1607.726;95.083;-26.089;1566.744;-53.558;-36.051;1564.771;70.868;71.953;1462.093;-42.610;64.408;1466.433;21.305;88.376;1298.904;32.796;93.899;1131.573;84.825;103.910;1214.080;-37.086;104.650;1195.684;24.658;-91.137;1285.490;12.921;-158.849;1094.191;69.241;-129.752;1214.425;-50.155;-119.988;1225.620;185.332;-60.758;1246.333;183.162;6.362;1320.258;194.061;71.361;1259.451;244.315;45.865;1176.895;220.544;72.644;1007.689;268.184;24.313;1031.262;277.801;-60.660;985.299;209.645;-206.341;1013.114;227.498;-202.593;945.353;244.069;-177.540;987.617;-158.455;-55.383;1257.330;-142.328;5.277;1327.952;-148.739;78.118;1268.180;-214.626;7.398;1179.804;-195.344;84.381;1015.086;-241.997;38.615;1047.340;-220.347;-37.629;1062.776;-201.607;-187.206;1043.148;-226.857;-181.979;980.565;-235.833;-157.567;1018.983;136.065;-138.136;879.465;-130.492;-115.549;888.885;113.379;63.027;955.857;-84.677;74.468;965.030
15.880;44.286;1608.071;94.639;-26.779;1566.596;-54.002;-36.396;1564.080;70.917;72.397;1462.883;-42.560;65.049;1466.828;21.157;89.855;1298.460;32.598;94.885;1131.079;84.775;104.897;1213.537;-37.579;105.686;1195.142;24.658;-89.658;1285.441;12.921;-157.518;1094.240;69.191;-128.026;1214.425;-50.106;-118.360;1225.570;184.987;-59.279;1247.467;182.521;8.137;1320.850;193.815;72.742;1259.007;245.795;44.681;1177.487;231.542;64.013;1007.245;277.456;16.422;1035.652;287.073;-70.868;997.332;208.758;-212.950;1026.775;240.271;-213.985;964.044;249.691;-186.516;1006.012;-158.011;-54.248;1258.267;-142.082;6.658;1328.198;-149.331;78.759;1267.490;-216.550;5.869;1181.136;-202.593;77.920;1014.593;-247.718;32.746;1049.658;-224.588;-42.758;1066.968;-203.382;-192.286;1050.595;-232.528;-189.327;989.886;-239.778;-163.880;1027.613;135.818;-137.742;879.564;-130.739;-115.155;889.033;113.034;63.569;955.660;-85.022;74.961;964.783
15.633;43.251;1608.959;94.244;-27.371;1566.546;-54.446;-36.396;1563.439;71.164;73.630;1464.461;-42.314;66.676;1467.962;20.861;92.321;1297.721;32.253;96.414;1130.389;84.578;106.623;1212.748;-38.368;107.067;1194.353;24.856;-87.241;1286.033;13.020;-155.940;1094.930;69.290;-125.708;1215.115;-49.711;-116.289;1226.359;184.247;-57.405;1251.067;181.387;11.491;1322.182;193.568;74.715;1258.169;248.852;41.081;1179.755;251.910;46.950;1008.774;293.435;0.296;1045.170;299.649;-90.398;1019.525;204.270;-223.208;1052.469;251.861;-233.170;1001.722;252.798;-201.212;1040.435;-157.025;-53.213;1261.128;-141.342;8.926;1329.333;-150.367;79.153;1266.405;-220.249;1.332;1185.328;-218.177;64.309;1015.234;-259.258;19.628;1055.723;-231.098;-53.410;1076.782;-201.656;-202.248;1067.905;-237.608;-204.566;1011.092;-242.195;-176.998;1047.290;135.572;-136.755;879.811;-131.035;-114.366;889.279;112.639;64.605;955.512;-85.367;75.948;964.635
15.485;42.067;1610.537;93.998;-27.617;1566.300;-54.742;-36.100;1562.749;71.411;76.046;1466.926;-42.067;69.389;1470.083;20.516;95.921;1296.439;31.809;98.288;1129.353;84.184;108.990;1211.170;-39.355;108.842;1193.120;25.201;-83.888;1287.118;13.069;-154.657;1096.508;69.241;-122.749;1216.397;-49.119;-113.872;1227.938;182.768;-55.432;1256.886;179.760;16.373;1323.908;193.470;76.638;1256.591;254.721;34.620;1184.588;278.048;20.318;1014.988;312.224;-23.820;1061.543;310.794;-115.845;1053.356;195.738;-233.811;1089.012;255.609;-253.685;1058.535;249.000;-215.366;1088.519;-155.446;-52.128;1266.405;-140.010;12.428;1331.207;-151.156;79.794;1265.024;-224.983;-5.918;1192.577;-238.397;42.708;1018.341;-273.461;-0.148;1066.031;-237.263;-67.712;1092.810;-193.963;-213.936;1095.917;-238.989;-224.342;1047.192;-239.877;-193.075;1080.086;135.424;-135.572;880.107;-131.330;-113.281;889.526;112.146;65.887;955.561;-85.860;77.082;964.537
15.436;40.933;1612.164;93.850;-27.469;1565.856;-54.890;-35.459;1561.812;71.657;79.400;1469.885;-41.771;72.939;1472.598;20.368;100.409;1294.663;31.612;100.508;1128.071;83.888;111.702;1209.000;-40.341;111.012;1191.591;25.497;-80.041;1288.597;12.872;-153.474;1098.629;68.945;-119.544;1218.173;-48.330;-111.259;1229.910;180.844;-53.755;1264.679;177.738;22.143;1325.831;193.716;77.526;1253.927;262.464;25.694;1192.873;302.657;-13.168;1029.142;328.006;-52.473;1085.166;316.170;-141.884;1093.599;184.346;-241.159;1132.707;247.669;-268.086;1119.934;239.285;-224.835;1139.365;-153.178;-50.796;1273.654;-138.186;17.310;1333.475;-151.600;80.879;1263.396;-228.780;-14.548;1202.194;-257.729;14.400;1025.394;-285.938;-24.510;1080.579;-241.011;-83.789;1113.227;-182.028;-223.947;1131.326;-233.022;-243.427;1092.119;-231.690;-207.969;1119.885;135.177;-134.536;880.402;-131.676;-112.294;889.822;111.604;66.923;955.758;-86.304;78.118;964.586
15.436;40.341;1613.594;93.800;-26.779;1565.264;-54.988;-34.275;1560.678;72.002;83.197;1472.697;-41.525;76.934;1475.064;20.614;104.995;1292.937;31.612;102.727;1126.888;84.233;114.316;1206.830;-40.736;113.281;1190.112;25.595;-76.244;1290.027;12.526;-152.241;1100.848;68.600;-116.585;1220.047;-47.591;-108.793;1232.031;178.379;-52.177;1273.112;175.518;27.371;1327.755;194.998;77.920;1252.251;267.445;15.781;1202.737;320.214;-48.380;1050.299;337.277;-80.584;1113.671;314.838;-163.682;1135.814;170.044;-243.477;1176.056;232.528;-274.398;1178.029;225.427;-228.435;1187.251;-150.515;-48.824;1281.693;-136.164;22.686;1335.695;-151.698;81.521;1261.325;-230.556;-23.031;1213.340;-272.228;-17.162;1036.786;-294.026;-50.550;1098.382;-241.159;-99.669;1135.518;-166.493;-230.013;1168.708;-219.706;-257.532;1138.674;-218.473;-218.473;1160.374;134.832;-133.698;880.797;-131.972;-111.308;890.217;111.308;67.811;955.808;-86.551;79.153;964.537
15.535;40.834;1614.482;93.800;-25.250;1564.524;-54.988;-32.253;1559.691;72.298;87.044;1474.719;-41.179;80.978;1476.839;21.206;109.385;1291.507;31.809;104.601;1125.753;85.269;116.338;1205.252;-40.933;115.549;1188.879;25.793;-72.989;1291.310;12.231;-151.156;1102.821;68.254;-114.070;1221.625;-46.851;-106.573;1234.004;175.913;-50.500;1281.545;173.595;31.711;1329.431;196.626;78.414;1252.103;269.368;7.200;1212.600;329.978;-80.288;1074.957;340.335;-104.551;1143.211;308.279;-180.450;1174.823;153.227;-242.441;1212.649;213.837;-274.398;1226.014;208.906;-227.843;1226.951;-147.556;-46.308;1289.140;-134.191;27.864;1337.470;-151.846;82.606;1259.747;-229.915;-30.576;1224.584;-280.711;-48.774;1051.433;-297.084;-75.455;1117.912;-237.608;-113.774;1157.513;-148.246;-231.493;1202.786;-202.248;-265.521;1182.566;-201.903;-223.849;1197.756;134.487;-133.205;881.192;-132.218;-110.568;890.611;111.209;68.550;955.660;-86.650;80.041;964.438
15.683;42.708;1614.778;93.751;-22.932;1563.883;-55.087;-29.491;1559.001;72.496;90.644;1475.606;-40.982;84.923;1477.727;21.650;112.787;1289.879;32.401;106.228;1124.520;86.206;118.114;1203.970;-40.982;117.177;1187.892;25.694;-70.178;1292.197;11.836;-150.317;1104.399;67.860;-111.949;1222.957;-46.555;-104.305;1235.434;173.102;-48.577;1288.992;171.869;35.163;1330.812;197.908;79.005;1252.695;269.565;-0.049;1222.118;333.184;-106.228;1099.517;338.559;-123.440;1170.336;298.810;-192.237;1207.619;137.150;-240.468;1240.859;195.344;-272.376;1262.509;192.730;-226.265;1257.380;-145.336;-43.399;1295.501;-132.415;32.500;1338.703;-152.142;84.677;1259.155;-227.745;-35.952;1235.138;-283.473;-77.329;1068.053;-295.802;-97.499;1137.589;-231.345;-125.511;1177.930;-129.161;-229.964;1231.538;-182.423;-268.382;1219.751;-183.853;-225.525;1229.368;134.092;-132.958;881.438;-132.465;-110.075;891.006;111.160;68.945;955.463;-86.650;80.682;964.241
15.633;44.977;1614.778;93.505;-20.368;1563.291;-55.333;-26.384;1558.261;72.693;94.195;1476.149;-40.834;88.721;1478.171;21.897;115.598;1288.252;32.796;107.165;1123.830;86.551;119.347;1202.687;-41.475;117.522;1187.301;25.349;-67.663;1292.986;11.392;-149.874;1105.879;67.367;-110.174;1224.189;-46.506;-102.382;1236.716;169.847;-46.407;1294.417;170.093;38.220;1331.552;198.894;79.942;1253.237;268.776;-5.474;1230.305;332.099;-125.511;1121.068;333.628;-137.298;1193.021;288.552;-200.719;1233.066;122.700;-240.320;1261.276;179.020;-271.390;1288.499;178.231;-226.019;1279.424;-142.427;-40.489;1300.335;-130.936;36.396;1339.739;-152.783;86.847;1259.155;-224.243;-40.242;1244.212;-281.155;-100.902;1084.130;-290.821;-115.697;1155.245;-223.158;-134.881;1195.142;-111.456;-227.202;1254.519;-163.436;-268.579;1249.341;-166.839;-225.328;1254.421;133.846;-133.007;881.734;-132.613;-109.828;891.252;111.209;68.994;955.315;-86.551;80.978;964.093
15.436;47.097;1614.630;93.110;-18.099;1562.552;-55.728;-23.524;1557.324;72.792;97.401;1476.543;-40.736;92.370;1478.368;21.946;118.409;1286.772;33.042;108.004;1123.090;86.699;120.826;1201.307;-41.919;118.952;1186.511;25.004;-65.246;1293.726;10.948;-149.528;1107.358;66.726;-108.645;1225.521;-46.604;-100.606;1238.047;167.332;-44.188;1298.608;168.614;41.081;1332.045;199.388;81.027;1253.533;267.001;-9.025;1236.173;328.351;-138.333;1137.195;326.970;-146.619;1209.394;279.083;-207.278;1250.722;110.716;-242.047;1275.331;166.000;-272.179;1305.463;166.197;-227.498;1294.466;-139.764;-37.629;1304.132;-129.802;39.996;1340.330;-153.326;89.066;1259.056;-220.347;-43.054;1251.314;-275.927;-118.508;1097.889;-283.867;-129.506;1169.744;-214.281;-142.180;1208.605;-95.921;-224.736;1271.336;-146.421;-268.184;1270.695;-151.698;-225.032;1272.766;133.698;-133.352;881.931;-132.662;-109.976;891.449;111.209;68.748;955.265;-86.452;80.879;963.896
14.894;48.528;1614.334;92.370;-16.472;1561.812;-56.468;-21.157;1556.190;72.792;99.965;1476.888;-40.785;95.428;1478.417;22.045;121.073;1285.638;33.141;108.891;1122.449;86.847;122.503;1200.222;-42.018;120.530;1185.722;24.708;-63.076;1294.417;10.603;-149.134;1108.591;66.183;-107.264;1226.655;-46.703;-98.880;1238.935;165.556;-42.067;1301.074;167.578;43.645;1332.095;199.634;82.458;1253.582;265.176;-10.899;1239.478;323.518;-146.027;1147.157;320.707;-152.093;1219.406;271.143;-211.125;1261.621;101.346;-242.589;1284.257;155.890;-272.376;1315.968;156.729;-228.090;1303.836;-137.594;-34.916;1306.548;-128.914;43.152;1340.528;-153.523;91.088;1258.711;-216.648;-44.336;1256.344;-270.058;-130.147;1108.443;-276.716;-138.777;1180.544;-205.996;-147.210;1218.469;-83.148;-222.665;1282.285;-132.169;-267.642;1284.652;-139.073;-224.687;1285.046;133.599;-133.846;882.129;-132.613;-110.322;891.696;111.308;68.304;955.167;-86.304;80.682;963.698
13.907;49.169;1613.940;91.384;-15.683;1561.171;-57.503;-19.529;1554.710;72.841;101.691;1477.332;-40.736;97.746;1478.220;22.242;123.193;1284.800;33.190;109.730;1121.808;86.945;124.130;1199.235;-41.969;121.664;1184.983;24.856;-61.498;1294.762;10.603;-148.789;1109.380;66.134;-106.130;1227.198;-46.604;-97.598;1239.527;164.570;-40.144;1301.814;167.282;45.717;1331.552;199.930;83.937;1252.990;263.943;-11.392;1240.415;319.819;-149.874;1152.088;316.663;-154.608;1224.288;266.015;-212.506;1267.046;95.083;-241.110;1289.583;149.528;-271.291;1321.146;150.761;-227.104;1308.718;-135.670;-32.944;1307.781;-127.977;45.421;1340.528;-153.474;92.568;1258.366;-213.640;-44.829;1258.958;-264.634;-136.410;1113.769;-270.700;-143.512;1185.969;-199.930;-149.134;1224.140;-74.715;-219.558;1289.288;-122.996;-265.275;1293.036;-130.887;-222.566;1292.542;133.599;-134.289;882.277;-132.514;-110.864;891.893;111.407;68.008;954.871;-86.206;80.337;963.403
12.970;48.824;1613.693;90.595;-15.732;1560.727;-58.194;-18.839;1553.132;73.186;102.677;1478.171;-40.390;99.225;1478.171;22.390;124.771;1284.257;32.894;110.371;1121.117;86.896;125.659;1198.298;-42.067;122.453;1184.489;25.447;-60.413;1294.811;11.096;-148.542;1109.824;66.676;-105.045;1227.296;-45.963;-97.055;1239.922;165.014;-38.319;1301.715;167.381;47.640;1330.566;200.078;85.663;1251.856;263.450;-10.209;1239.478;317.205;-150.120;1152.138;314.641;-154.115;1224.337;264.782;-211.322;1268.229;93.948;-241.011;1293.578;149.923;-269.072;1324.746;149.874;-225.476;1311.628;-135.079;-32.105;1307.979;-127.385;46.456;1340.626;-153.326;93.505;1258.366;-211.815;-44.582;1257.873;-257.976;-137.002;1111.008;-266.508;-143.216;1183.010;-197.563;-147.112;1224.485;-74.764;-213.640;1296.340;-122.601;-260.590;1297.770;-131.035;-218.128;1296.734;133.895;-134.585;882.375;-132.268;-111.554;891.943;111.259;67.909;954.526;-86.304;79.844;963.057
13.020;47.443;1613.792;90.693;-16.472;1560.086;-58.144;-19.135;1551.998;73.778;103.220;1479.256;-39.799;100.014;1478.861;22.291;125.758;1284.060;32.549;110.716;1120.575;86.699;126.941;1197.756;-42.215;123.095;1184.095;26.039;-59.723;1294.959;11.787;-148.591;1110.218;67.268;-104.404;1227.494;-45.125;-97.302;1240.415;166.740;-36.938;1301.419;167.776;49.119;1329.629;200.029;87.587;1250.870;263.253;-7.841;1237.061;315.134;-147.852;1149.277;314.493;-151.501;1221.378;266.705;-209.300;1266.848;96.661;-241.060;1297.080;154.164;-267.987;1326.620;152.981;-224.638;1313.354;-136.213;-31.612;1306.992;-127.681;46.851;1340.133;-153.227;94.195;1257.922;-211.421;-43.004;1253.730;-252.009;-134.289;1104.251;-264.288;-139.862;1175.760;-197.415;-142.377;1220.688;-77.723;-205.108;1299.693;-125.412;-252.946;1298.806;-133.698;-210.681;1296.439;134.240;-134.684;882.474;-131.922;-112.541;892.041;110.963;67.811;954.378;-86.699;79.055;962.959
13.907;46.111;1613.792;91.483;-17.113;1559.247;-57.355;-19.776;1551.357;74.419;103.417;1479.749;-39.157;100.212;1479.502;22.094;126.349;1283.665;32.352;111.012;1119.934;86.502;127.730;1197.312;-42.412;123.785;1183.405;26.335;-59.229;1294.811;12.280;-148.443;1110.218;67.564;-104.009;1227.395;-44.681;-97.253;1240.365;168.071;-35.952;1301.074;167.973;50.106;1328.938;199.831;88.918;1250.130;263.351;-5.770;1235.434;315.430;-145.435;1147.798;315.824;-148.937;1219.850;268.826;-207.377;1265.813;99.127;-240.567;1297.622;157.222;-266.853;1326.374;155.496;-223.651;1313.206;-137.199;-31.365;1305.611;-128.076;47.147;1339.443;-153.276;94.639;1257.133;-211.470;-41.821;1250.327;-249.839;-131.774;1099.319;-263.647;-137.150;1170.582;-197.267;-137.495;1216.693;-77.723;-195.738;1299.102;-123.588;-244.660;1296.192;-132.958;-202.790;1293.529;134.585;-134.783;882.424;-131.676;-113.379;891.943;110.617;67.761;954.180;-87.044;78.414;962.811
14.400;45.125;1613.644;91.976;-17.853;1558.754;-56.862;-20.318;1550.716;75.011;103.269;1480.045;-38.566;100.113;1479.749;22.094;126.941;1283.419;32.253;111.111;1119.687;86.403;128.224;1196.917;-42.412;124.032;1183.109;26.631;-58.835;1294.614;12.477;-148.049;1110.021;67.811;-103.565;1227.247;-44.533;-96.759;1240.168;168.417;-35.114;1300.680;168.022;50.944;1328.642;199.881;89.855;1249.883;263.993;-4.488;1235.828;316.811;-143.857;1148.094;316.613;-147.556;1220.096;269.467;-206.193;1265.566;99.571;-239.482;1296.537;157.616;-265.916;1325.239;155.890;-222.665;1312.318;-136.706;-31.168;1304.921;-127.977;47.393;1339.196;-153.227;94.935;1256.985;-210.681;-41.919;1249.242;-248.852;-130.936;1097.297;-262.217;-137.002;1168.610;-195.590;-134.289;1213.981;-72.693;-186.664;1296.537;-116.141;-236.918;1292.789;-127.681;-195.738;1290.520;134.684;-134.832;882.375;-131.626;-113.626;891.893;110.470;67.761;953.934;-87.192;78.266;962.613
14.203;43.941;1613.594;91.828;-18.839;1558.409;-56.961;-20.762;1549.877;75.504;102.973;1480.637;-38.122;100.212;1479.946;22.242;127.582;1283.419;32.253;111.505;1119.687;86.403;128.865;1196.868;-42.363;124.623;1183.257;26.927;-58.342;1294.564;12.526;-147.605;1110.021;68.008;-103.121;1227.198;-44.286;-96.316;1240.217;168.515;-34.522;1300.433;168.170;51.536;1328.494;199.979;90.546;1249.785;264.239;-3.797;1236.025;317.550;-143.117;1148.390;316.613;-147.112;1220.392;268.826;-205.651;1265.172;98.387;-238.101;1294.515;156.137;-264.930;1323.513;154.657;-221.580;1310.839;-135.621;-30.823;1304.872;-127.632;47.739;1339.245;-153.227;95.329;1257.182;-208.708;-42.807;1249.242;-245.400;-132.761;1097.248;-258.173;-139.123;1168.708;-191.250;-133.451;1213.290;-65.986;-180.844;1295.699;-108.201;-231.986;1292.740;-120.925;-191.250;1289.879;134.536;-134.931;882.375;-131.774;-113.429;891.992;110.470;67.761;953.934;-87.143;78.463;962.564
13.759;42.856;1613.545;91.285;-19.727;1558.113;-57.503;-21.009;1549.039;75.701;102.776;1481.278;-37.875;100.409;1480.193;22.587;128.273;1283.271;32.500;112.048;1119.490;86.699;129.555;1196.671;-42.116;125.412;1183.109;27.174;-57.602;1294.515;12.477;-146.964;1110.021;68.156;-102.530;1227.099;-43.991;-95.724;1240.316;168.614;-34.078;1300.187;168.466;51.980;1328.248;200.226;90.940;1249.538;264.190;-3.600;1235.631;317.304;-142.969;1147.995;316.170;-147.161;1219.998;267.395;-205.503;1264.333;96.266;-236.129;1292.197;153.572;-263.598;1321.442;152.635;-220.199;1309.064;-134.487;-29.985;1305.168;-127.287;48.676;1339.097;-153.128;96.118;1256.936;-205.947;-43.744;1249.785;-239.038;-136.953;1099.122;-252.452;-142.673;1170.434;-185.924;-134.783;1215.066;-60.018;-178.872;1299.644;-101.642;-230.556;1296.932;-114.957;-190.165;1293.529;134.240;-135.029;882.326;-132.070;-112.886;892.091;110.667;67.761;953.835;-86.896;78.907;962.515
13.168;42.264;1613.447;90.693;-20.269;1557.916;-58.095;-21.058;1548.447;75.701;102.677;1481.672;-37.925;100.705;1480.242;22.982;129.062;1282.975;32.796;112.689;1119.293;86.995;130.048;1196.424;-41.771;126.251;1182.813;27.174;-56.862;1294.417;12.231;-146.323;1110.021;68.008;-101.938;1227.050;-43.991;-94.836;1240.316;168.367;-33.831;1299.841;168.811;52.325;1328.051;200.473;91.039;1249.193;264.091;-3.896;1235.187;316.663;-143.364;1147.502;315.331;-147.802;1219.504;265.423;-205.700;1263.347;93.652;-233.909;1289.731;150.317;-262.217;1319.321;150.071;-218.769;1307.140;-133.599;-28.604;1305.907;-126.793;50.106;1338.950;-153.128;97.351;1256.591;-202.790;-44.484;1251.264;-231.098;-142.377;1103.018;-245.696;-146.964;1174.133;-179.809;-137.742;1219.406;-54.495;-180.499;1307.190;-96.661;-232.134;1304.625;-109.631;-191.891;1300.433;133.994;-135.029;882.277;-132.268;-112.245;892.140;110.963;67.860;953.736;-86.551;79.548;962.515
12.526;42.166;1613.397;90.003;-20.466;1557.867;-58.786;-20.614;1547.905;75.701;102.776;1482.017;-37.925;101.247;1480.193;23.573;129.752;1282.728;33.141;113.182;1119.145;87.439;130.443;1196.178;-41.377;126.991;1182.665;27.174;-56.122;1294.367;11.885;-145.731;1110.071;67.811;-101.445;1227.050;-44.089;-93.899;1240.415;168.121;-33.683;1299.496;169.206;52.473;1327.853;200.818;90.940;1248.946;264.091;-4.389;1235.088;316.416;-143.956;1147.206;314.542;-148.690;1219.159;263.549;-205.996;1262.410;90.989;-231.641;1287.266;147.112;-260.984;1317.152;147.605;-217.438;1305.118;-132.218;-27.223;1307.190;-126.054;51.585;1339.097;-152.981;98.584;1256.640;-199.536;-45.174;1253.878;-223.553;-147.852;1108.295;-238.644;-151.106;1179.361;-173.447;-141.440;1225.521;-49.119;-184.938;1315.820;-93.209;-235.290;1313.601;-104.699;-195.097;1308.718;133.895;-134.931;882.277;-132.366;-111.653;892.238;111.209;67.958;953.736;-86.255;80.090;962.515
12.379;42.758;1613.397;89.756;-20.171;1558.014;-58.983;-19.776;1547.757;76.046;103.121;1482.165;-37.530;102.036;1480.143;24.017;130.147;1282.580;33.141;113.675;1119.095;87.636;130.739;1195.931;-41.229;127.237;1182.813;27.469;-55.629;1294.318;11.787;-145.287;1110.071;67.860;-101.050;1227.001;-43.892;-93.357;1240.612;168.269;-33.486;1299.003;169.699;52.720;1327.409;201.163;91.088;1248.453;264.338;-4.439;1234.497;316.219;-144.104;1146.318;314.394;-148.937;1218.271;262.957;-205.799;1261.374;90.151;-229.964;1286.181;146.076;-259.899;1316.017;146.865;-216.353;1304.033;-130.936;-26.483;1308.472;-125.265;52.325;1339.689;-152.783;99.176;1257.182;-197.020;-45.914;1256.295;-217.980;-151.156;1111.945;-233.268;-153.720;1182.961;-169.008;-144.942;1230.699;-46.407;-190.806;1322.330;-93.110;-239.236;1321.097;-102.480;-199.092;1314.883;133.944;-134.733;882.277;-132.317;-111.308;892.288;111.407;68.156;953.786;-86.058;80.436;962.564
13.463;44.484;1613.496;90.595;-18.987;1558.508;-58.194;-18.494;1548.546;76.885;103.713;1481.623;-36.741;102.727;1479.897;24.017;129.950;1282.728;32.796;113.823;1119.145;87.488;130.936;1195.882;-41.525;126.941;1183.158;27.963;-55.679;1294.219;12.181;-145.139;1109.873;68.353;-100.902;1226.754;-43.349;-93.652;1240.661;168.811;-33.338;1298.559;170.143;52.868;1327.015;201.163;91.335;1247.960;264.486;-3.945;1233.560;316.466;-143.314;1145.184;314.986;-148.246;1217.137;263.795;-205.355;1260.339;91.088;-229.915;1285.786;147.210;-259.899;1315.031;147.852;-216.205;1303.294;-130.689;-26.878;1308.965;-124.919;51.832;1340.232;-152.882;98.929;1257.774;-196.281;-46.604;1256.591;-214.429;-152.191;1111.945;-231.246;-154.213;1182.665;-167.825;-144.843;1231.242;-47.492;-190.659;1326.127;-96.069;-237.707;1326.029;-103.861;-197.711;1317.842;134.289;-134.388;882.277;-132.021;-111.357;892.288;111.407;68.501;953.835;-86.107;80.386;962.712
15.190;46.950;1613.594;92.272;-16.965;1559.050;-56.517;-17.212;1549.927;77.625;104.601;1480.637;-36.001;103.121;1479.502;23.919;129.506;1282.926;32.500;113.576;1119.293;87.241;130.788;1195.980;-41.673;126.399;1183.355;28.308;-56.073;1294.071;12.822;-145.287;1109.676;68.895;-101.099;1226.557;-42.955;-94.146;1240.513;169.551;-33.239;1298.214;170.439;52.818;1326.768;201.114;91.631;1247.714;264.880;-3.206;1232.820;317.107;-142.032;1143.853;316.120;-147.013;1215.806;265.965;-204.862;1259.303;93.751;-231.493;1286.131;150.416;-260.886;1314.834;150.465;-217.191;1303.244;-131.084;-27.716;1308.275;-125.018;50.944;1340.330;-152.931;98.288;1257.971;-196.971;-46.555;1254.864;-213.788;-150.811;1108.690;-232.479;-152.487;1179.015;-169.896;-141.342;1228.135;-51.240;-183.458;1326.127;-98.831;-231.049;1325.979;-107.215;-191.398;1316.708;134.832;-133.895;882.277;-131.577;-111.850;892.140;111.111;68.846;954.032;-86.403;79.942;962.811
16.620;49.366;1613.545;93.948;-14.647;1559.543;-54.840;-16.176;1551.012;78.118;105.784;1479.552;-35.508;103.417;1478.910;23.968;129.210;1283.024;32.302;113.231;1119.145;87.241;130.689;1195.882;-41.722;126.054;1183.405;28.752;-56.468;1293.973;13.365;-145.435;1109.429;69.339;-101.346;1226.359;-42.560;-94.688;1240.365;170.439;-33.239;1297.869;170.784;52.769;1326.374;201.212;91.729;1247.368;265.373;-2.515;1232.228;318.192;-140.898;1143.162;317.452;-145.879;1215.066;268.234;-204.467;1258.810;96.513;-233.416;1286.427;153.671;-261.971;1314.883;153.128;-218.325;1303.343;-131.676;-28.456;1307.338;-125.018;50.155;1340.380;-152.734;97.795;1258.169;-198.056;-46.062;1252.448;-215.958;-147.506;1104.153;-234.994;-149.528;1174.478;-172.362;-136.854;1223.006;-52.868;-175.518;1320.949;-99.866;-223.060;1321.393;-108.694;-183.853;1311.431;135.424;-133.500;882.227;-131.133;-112.491;892.041;110.765;69.142;954.082;-86.797;79.400;962.909
17.409;51.585;1613.348;95.132;-12.428;1559.938;-53.657;-15.239;1551.702;78.216;106.919;1478.615;-35.409;103.664;1478.171;24.165;129.161;1283.172;32.253;113.034;1119.095;87.340;130.591;1195.832;-41.673;126.152;1183.503;29.097;-56.665;1293.825;13.661;-145.386;1109.134;69.685;-101.445;1226.113;-42.215;-94.885;1240.119;171.030;-33.338;1297.671;171.080;52.670;1326.127;201.360;91.778;1247.122;265.817;-2.170;1232.031;319.227;-140.257;1143.113;318.488;-145.238;1215.017;269.713;-204.171;1258.761;98.140;-234.304;1286.477;155.545;-262.414;1314.834;154.657;-218.818;1303.392;-131.824;-28.850;1306.351;-124.870;49.662;1340.380;-152.438;97.746;1258.465;-198.500;-45.470;1250.574;-218.029;-143.660;1100.158;-236.227;-147.260;1170.681;-173.003;-133.994;1218.271;-51.339;-170.685;1313.798;-96.168;-219.361;1313.699;-106.771;-180.401;1304.773;135.670;-133.352;882.178;-130.985;-112.837;891.943;110.519;69.241;953.983;-87.093;79.104;962.811
17.507;53.509;1613.101;95.674;-10.455;1560.234;-53.114;-14.351;1552.096;77.920;108.102;1477.924;-35.656;104.058;1477.530;24.362;129.210;1283.123;32.549;113.083;1118.997;87.587;130.591;1195.783;-41.426;126.448;1183.405;29.196;-56.616;1293.677;13.611;-145.090;1108.936;69.734;-101.395;1225.916;-42.215;-94.737;1239.922;171.178;-33.387;1297.573;171.178;52.621;1326.127;201.558;91.778;1247.171;266.113;-2.121;1232.327;319.967;-140.207;1143.606;318.882;-145.238;1215.559;269.763;-204.171;1258.958;98.042;-234.008;1285.786;155.200;-262.266;1314.390;154.509;-218.670;1302.998;-131.626;-28.949;1305.710;-124.919;49.662;1340.035;-152.290;97.894;1258.218;-197.662;-45.618;1249.489;-217.487;-142.673;1098.481;-234.452;-147.506;1169.201;-170.587;-133.698;1215.806;-46.456;-169.403;1308.570;-90.102;-218.720;1308.422;-101.888;-179.858;1300.433;135.374;-133.599;882.129;-131.232;-112.541;891.943;110.617;69.142;953.835;-86.945;79.400;962.663
16.965;54.939;1612.953;95.477;-8.976;1560.530;-53.262;-13.365;1551.998;77.526;109.187;1477.628;-36.001;104.798;1477.036;24.461;129.456;1282.926;32.944;113.330;1118.948;87.833;130.739;1195.635;-41.130;126.645;1183.207;29.245;-56.270;1293.627;13.266;-144.695;1108.887;69.586;-101.050;1225.866;-42.264;-94.294;1239.823;170.932;-33.239;1297.671;171.228;52.769;1326.226;201.755;91.828;1247.319;266.212;-2.318;1232.820;320.066;-140.701;1144.395;318.537;-145.731;1216.299;268.579;-204.369;1259.303;96.365;-232.479;1284.701;152.981;-261.379;1313.749;152.783;-217.783;1302.357;-130.985;-28.752;1305.858;-124.870;50.106;1339.689;-152.290;98.042;1257.725;-195.689;-46.604;1249.883;-213.640;-145.484;1100.059;-230.161;-150.465;1170.829;-166.296;-136.509;1217.384;-41.475;-171.672;1309.754;-84.282;-221.629;1309.113;-96.759;-182.768;1301.666;134.733;-134.142;882.079;-131.774;-111.801;892.091;111.061;68.748;953.589;-86.452;80.041;962.564
16.077;56.172;1612.756;94.737;-7.989;1560.826;-53.953;-12.181;1551.702;77.329;110.026;1477.628;-36.198;105.784;1476.543;24.658;129.802;1282.531;33.289;113.675;1118.849;88.030;130.936;1195.438;-40.982;126.793;1183.010;29.343;-55.777;1293.578;12.970;-144.399;1108.936;69.438;-100.705;1225.866;-42.067;-93.948;1239.971;170.685;-32.993;1297.721;171.326;53.065;1326.226;201.952;91.926;1247.270;266.113;-2.712;1233.066;319.671;-141.539;1145.036;317.748;-146.569;1216.940;266.705;-204.566;1259.648;93.899;-230.013;1283.764;149.874;-259.949;1313.108;150.416;-216.303;1301.765;-130.048;-28.308;1307.091;-124.475;50.747;1339.689;-152.389;98.239;1257.528;-193.420;-47.985;1252.152;-208.560;-150.712;1105.040;-225.279;-154.904;1175.711;-161.611;-140.701;1222.365;-36.938;-175.469;1315.968;-79.992;-225.525;1315.623;-92.420;-186.664;1307.880;134.043;-134.783;881.981;-132.317;-110.963;892.238;111.554;68.254;953.539;-85.910;80.682;962.613
15.387;57.257;1612.657;93.948;-7.348;1561.171;-54.742;-10.899;1551.455;77.378;110.568;1477.628;-36.198;106.820;1476.099;25.004;130.147;1282.087;33.387;113.922;1118.849;88.178;130.985;1194.994;-40.834;126.843;1182.813;29.491;-55.333;1293.578;12.674;-144.251;1109.134;69.339;-100.458;1225.916;-41.870;-93.505;1240.365;170.439;-32.894;1297.622;171.524;53.213;1325.930;202.149;91.778;1246.875;266.064;-3.304;1232.919;319.030;-142.723;1145.233;316.959;-147.654;1217.186;264.831;-204.763;1259.747;91.483;-227.252;1283.024;146.816;-258.075;1312.614;148.147;-214.429;1301.222;-128.618;-27.519;1308.965;-123.736;51.733;1340.084;-152.438;98.584;1257.725;-191.004;-49.070;1255.703;-203.678;-156.186;1111.698;-220.643;-159.046;1182.418;-157.320;-143.956;1229.072;-33.634;-178.921;1325.190;-77.871;-228.583;1324.894;-89.362;-189.623;1316.806;133.698;-135.079;881.931;-132.563;-110.470;892.337;111.900;67.958;953.589;-85.515;81.027;962.712
15.338;58.046;1612.608;93.652;-6.954;1561.269;-54.988;-9.814;1551.307;77.871;110.963;1477.678;-35.755;107.757;1475.902;25.447;130.443;1281.841;33.338;114.119;1118.800;88.326;130.985;1194.599;-40.736;126.793;1182.813;29.787;-54.890;1293.479;12.625;-144.153;1109.281;69.438;-100.261;1225.965;-41.574;-93.209;1240.661;170.488;-32.796;1297.277;172.066;53.361;1325.535;202.495;91.631;1246.234;266.064;-3.797;1232.327;318.340;-143.610;1144.543;316.367;-148.443;1216.496;263.647;-204.960;1259.204;90.003;-225.378;1282.531;145.041;-256.842;1312.023;146.915;-213.246;1300.729;-127.385;-26.878;1310.543;-122.897;52.424;1340.676;-152.438;98.929;1258.415;-189.278;-49.514;1258.563;-199.733;-159.392;1116.482;-217.191;-161.167;1187.054;-154.460;-146.619;1234.546;-32.648;-183.656;1332.785;-79.301;-231.789;1333.377;-88.869;-192.681;1324.056;133.747;-135.029;881.931;-132.465;-110.470;892.386;111.900;67.958;953.687;-85.466;80.978;962.811
16.077;58.588;1612.559;94.146;-6.756;1561.220;-54.594;-9.124;1551.455;78.611;111.160;1477.480;-35.015;108.300;1475.853;25.645;130.393;1281.643;33.289;114.119;1118.553;88.474;131.035;1194.353;-40.686;126.695;1182.763;30.083;-54.643;1293.381;12.970;-144.153;1109.281;69.833;-100.113;1225.866;-41.179;-93.061;1240.661;170.784;-32.697;1296.833;172.559;53.509;1325.190;202.692;91.680;1245.692;266.113;-3.847;1231.291;317.896;-143.512;1143.014;316.318;-148.443;1215.017;263.647;-204.862;1257.873;90.003;-224.687;1282.137;145.188;-256.496;1311.086;147.063;-212.802;1299.891;-127.040;-26.631;1310.938;-122.552;52.621;1340.725;-152.389;99.127;1258.563;-188.735;-49.465;1259.155;-196.823;-160.575;1118.011;-216.106;-161.414;1188.090;-154.361;-147.112;1236.519;-36.741;-185.283;1339.097;-84.628;-232.479;1339.788;-92.765;-193.272;1328.840;134.240;-134.684;881.981;-132.120;-110.864;892.386;111.702;68.254;953.687;-85.712;80.682;962.860
17.409;58.786;1612.509;95.280;-6.559;1560.974;-53.459;-9.124;1551.801;79.252;111.160;1477.086;-34.324;108.201;1475.951;25.743;130.344;1281.446;33.289;114.020;1118.257;88.524;131.133;1194.106;-40.588;126.448;1182.468;30.330;-54.495;1293.184;13.611;-144.202;1109.232;70.326;-99.965;1225.768;-40.884;-92.913;1240.415;171.376;-32.401;1296.291;172.904;53.755;1324.796;202.790;91.976;1245.248;266.409;-3.206;1230.255;318.142;-142.180;1141.041;317.057;-147.408;1213.044;264.979;-204.171;1256.097;91.680;-224.934;1281.594;147.260;-256.595;1309.951;148.789;-212.851;1298.904;-127.582;-26.483;1310.346;-122.601;52.670;1340.478;-152.241;99.275;1258.218;-189.820;-48.676;1257.823;-196.774;-159.194;1115.989;-218.621;-159.392;1185.328;-158.257;-144.695;1234.793;-44.928;-181.634;1342.007;-92.469;-229.224;1341.761;-100.310;-190.067;1329.875;134.832;-134.437;881.931;-131.577;-111.456;892.337;111.554;68.501;953.638;-85.910;80.238;962.811
18.691;58.440;1612.460;96.611;-6.559;1560.628;-52.177;-9.765;1552.047;79.745;111.111;1476.790;-33.831;107.658;1476.149;25.941;130.344;1281.348;33.338;113.922;1117.863;88.721;131.281;1193.909;-40.390;126.497;1182.221;30.478;-54.396;1293.036;14.006;-144.301;1109.183;70.671;-99.817;1225.620;-40.785;-92.715;1240.168;172.165;-32.105;1295.600;173.299;54.002;1324.352;202.938;92.370;1244.853;267.050;-1.973;1229.318;319.523;-140.010;1139.167;318.734;-145.583;1211.121;267.445;-202.988;1254.174;94.491;-225.476;1280.509;150.515;-256.792;1308.324;151.550;-212.999;1297.573;-128.667;-26.187;1308.965;-122.700;52.818;1340.232;-151.846;99.768;1258.021;-192.237;-46.604;1255.308;-200.571;-154.460;1111.057;-223.799;-154.608;1180.051;-164.027;-140.503;1230.255;-53.213;-177.885;1338.703;-100.606;-225.525;1337.963;-108.201;-186.269;1325.831;135.374;-134.388;881.931;-131.133;-112.146;892.238;111.505;68.501;953.589;-85.959;79.696;962.761
19.776;57.651;1612.460;97.844;-6.904;1560.184;-50.994;-10.751;1552.195;80.140;110.864;1476.642;-33.437;106.869;1476.395;26.187;130.393;1281.249;33.634;113.774;1117.419;89.115;131.478;1193.761;-39.947;126.744;1181.777;30.527;-54.298;1292.789;14.302;-144.301;1109.084;70.868;-99.669;1225.422;-40.884;-92.321;1239.675;173.151;-31.859;1294.910;173.743;54.199;1324.105;203.185;92.863;1244.656;267.987;-0.493;1228.529;321.348;-137.199;1137.047;320.904;-143.216;1209.000;270.453;-201.360;1251.955;97.894;-225.723;1279.128;154.509;-256.644;1306.351;154.953;-212.802;1295.896;-130.098;-25.743;1306.795;-122.996;52.966;1339.689;-151.205;100.360;1257.577;-195.640;-43.695;1251.659;-207.623;-146.668;1103.709;-230.901;-147.506;1172.703;-171.080;-135.473;1223.598;-61.005;-175.518;1330.220;-108.152;-223.306;1328.790;-115.648;-183.606;1317.546;135.720;-134.487;881.931;-130.837;-112.590;892.189;111.653;68.402;953.490;-85.860;79.301;962.613
20.812;56.665;1612.460;98.929;-7.447;1559.839;-49.859;-11.885;1552.294;80.485;110.371;1476.593;-33.042;105.932;1476.691;26.532;130.295;1281.298;34.127;113.478;1117.074;89.609;131.528;1193.761;-39.355;126.892;1181.185;30.724;-54.396;1292.641;14.598;-144.350;1108.887;71.115;-99.620;1225.274;-41.130;-92.074;1239.182;174.335;-31.711;1294.071;174.137;54.150;1323.908;203.481;93.357;1244.557;269.023;1.036;1227.691;323.271;-133.994;1134.384;323.222;-140.651;1206.337;273.659;-199.437;1249.094;101.494;-225.673;1277.304;158.603;-256.299;1303.737;158.603;-212.407;1293.726;-131.232;-25.595;1304.132;-123.341;52.818;1339.196;-150.317;100.557;1257.034;-199.585;-40.292;1246.826;-216.353;-135.572;1093.697;-239.186;-138.186;1162.987;-179.069;-129.407;1214.523;-69.142;-174.187;1317.842;-115.401;-222.813;1314.488;-123.390;-182.127;1305.266;136.065;-134.635;881.882;-130.541;-112.837;892.140;111.949;68.304;953.293;-85.565;79.153;962.466
21.798;55.679;1612.608;99.965;-8.137;1559.691;-48.774;-13.118;1552.590;80.879;109.631;1476.543;-32.648;104.798;1476.938;26.631;129.752;1281.643;34.472;113.083;1117.024;89.954;131.330;1194.106;-38.862;126.892;1180.939;30.922;-54.791;1292.444;15.042;-144.547;1108.690;71.559;-99.817;1225.028;-41.130;-92.222;1238.689;175.370;-31.711;1293.036;174.483;53.805;1323.908;203.629;93.603;1244.755;270.108;2.663;1226.458;324.800;-130.048;1130.142;325.540;-137.692;1201.997;277.160;-197.415;1244.607;105.686;-225.427;1274.788;163.337;-256.398;1299.792;162.893;-212.161;1290.520;-132.662;-26.187;1300.976;-124.032;51.832;1338.654;-149.528;100.310;1256.689;-203.777;-36.346;1240.316;-224.638;-119.988;1080.678;-247.767;-125.659;1149.721;-187.798;-121.911;1202.194;-79.794;-173.792;1302.307;-124.180;-223.898;1295.156;-132.958;-181.929;1289.090;136.509;-134.635;881.833;-130.196;-113.034;892.140;112.245;68.304;953.145;-85.269;79.005;962.416
22.834;54.692;1612.855;100.951;-9.025;1559.691;-47.837;-14.450;1553.379;81.077;108.497;1476.395;-32.450;103.319;1477.382;26.483;128.766;1282.186;34.916;112.245;1117.221;90.250;130.541;1194.797;-38.319;126.547;1180.593;31.020;-55.629;1292.296;15.584;-144.942;1108.344;72.052;-100.360;1224.831;-41.229;-92.814;1238.195;176.110;-32.204;1291.852;174.680;53.065;1324.648;203.580;93.505;1245.494;270.848;4.636;1224.436;324.948;-123.982;1121.857;327.710;-133.599;1193.514;281.500;-194.949;1235.828;111.554;-225.378;1270.942;170.044;-257.631;1292.592;169.107;-212.851;1284.800;-134.931;-27.026;1296.833;-125.265;50.402;1337.667;-148.838;100.113;1256.147;-208.265;-31.020;1231.932;-232.035;-99.521;1065.439;-256.003;-109.532;1133.792;-196.577;-112.639;1187.153;-93.406;-174.137;1284.257;-132.810;-226.956;1269.068;-144.104;-183.803;1268.427;137.051;-134.437;881.833;-129.703;-113.182;892.091;112.442;68.501;953.095;-85.071;78.857;962.466
23.820;53.755;1613.151;101.691;-10.110;1559.839;-47.097;-15.979;1554.661;80.929;106.869;1475.951;-32.598;101.395;1477.825;26.138;126.892;1283.024;35.261;111.259;1117.863;90.348;129.161;1195.882;-37.727;125.659;1180.544;30.576;-57.109;1292.247;15.880;-145.484;1107.901;72.150;-101.494;1224.584;-41.919;-93.751;1237.456;177.442;-33.190;1289.583;174.976;51.388;1325.239;203.037;93.110;1246.283;271.045;7.447;1220.047;323.222;-114.415;1108.344;329.534;-127.089;1179.311;286.974;-191.842;1220.836;120.037;-225.624;1264.481;178.823;-261.477;1278.783;177.787;-215.563;1274.345;-138.580;-27.864;1291.704;-127.237;48.429;1336.336;-148.394;100.261;1255.851;-212.407;-23.968;1222.069;-236.227;-74.074;1048.918;-262.069;-89.609;1115.594;-204.664;-102.283;1169.941;-111.061;-176.850;1263.939;-142.575;-230.852;1236.815;-157.764;-187.700;1242.683;137.643;-134.191;881.783;-129.259;-113.133;891.943;112.787;68.649;953.293;-84.825;78.857;962.564
24.757;53.015;1613.447;102.184;-11.294;1560.036;-46.654;-17.557;1556.584;80.189;104.601;1475.014;-33.239;98.929;1478.220;25.447;124.377;1284.208;35.508;110.174;1118.948;89.954;127.336;1197.312;-37.283;124.574;1180.988;29.442;-59.229;1292.099;15.732;-146.175;1107.062;71.756;-103.023;1224.239;-43.251;-94.885;1236.371;179.069;-34.867;1286.427;175.321;48.824;1325.979;201.804;92.173;1247.122;270.009;11.392;1213.044;318.734;-100.261;1089.801;330.028;-117.325;1159.190;292.547;-187.206;1198.495;131.429;-226.561;1253.878;188.439;-267.691;1255.210;188.784;-220.397;1257.182;-142.871;-28.752;1285.983;-129.851;45.717;1334.412;-148.246;100.853;1256.097;-215.613;-15.436;1211.811;-237.904;-45.963;1033.975;-265.916;-67.663;1098.037;-211.569;-91.285;1151.891;-129.999;-181.634;1239.872;-151.994;-232.824;1199.876;-171.622;-191.546;1212.058;138.087;-133.944;881.734;-128.963;-112.689;891.696;113.231;68.797;953.441;-84.381;79.203;962.712
25.447;52.424;1613.644;102.431;-12.625;1560.431;-46.407;-19.332;1558.902;79.055;101.691;1473.634;-34.324;95.724;1478.269;24.560;120.974;1285.885;35.804;109.089;1120.328;89.263;125.560;1199.432;-36.692;123.045;1182.122;28.111;-62.238;1291.901;15.288;-146.964;1105.879;70.917;-105.390;1223.696;-45.125;-96.611;1234.891;180.598;-37.333;1281.890;175.716;44.878;1326.324;200.177;91.137;1248.305;267.691;16.275;1205.252;311.435;-81.718;1069.335;328.351;-104.058;1135.962;296.837;-180.549;1170.533;144.449;-229.520;1236.568;197.070;-273.560;1222.858;200.374;-226.117;1232.277;-147.063;-30.133;1279.917;-132.761;42.166;1332.489;-148.295;100.902;1256.591;-218.227;-7.545;1202.934;-238.446;-17.557;1022.385;-268.579;-45.470;1082.897;-217.388;-79.794;1134.186;-147.013;-186.171;1211.268;-160.723;-231.000;1160.571;-183.951;-192.779;1178.226;138.383;-133.698;881.586;-128.717;-111.752;891.400;114.070;68.945;953.687;-83.592;79.942;962.811
25.891;51.832;1613.594;102.480;-14.154;1561.023;-46.358;-21.453;1561.368;77.723;98.091;1471.957;-35.607;91.778;1478.023;23.376;117.078;1287.907;35.557;107.954;1122.252;88.277;123.095;1201.898;-36.741;120.826;1183.996;26.483;-65.789;1291.556;14.746;-147.901;1104.399;69.980;-108.102;1222.858;-46.950;-99.028;1233.461;180.795;-39.947;1276.810;175.864;40.390;1326.719;198.204;89.855;1249.982;263.943;21.453;1198.150;302.262;-60.462;1050.595;324.307;-88.474;1113.325;298.958;-171.721;1140.302;156.975;-233.564;1213.143;203.580;-277.456;1184.539;210.681;-231.246;1201.553;-151.008;-32.253;1274.986;-135.325;37.777;1331.552;-148.591;100.212;1258.514;-219.903;-1.134;1196.671;-236.868;9.863;1015.826;-268.924;-24.658;1071.603;-221.186;-68.945;1118.306;-160.131;-189.623;1180.446;-166.345;-225.476;1121.364;-192.533;-190.708;1143.507;138.580;-133.205;881.389;-128.519;-110.568;891.006;114.908;69.290;953.934;-82.753;80.830;963.008
26.286;50.451;1613.742;102.579;-16.127;1561.615;-46.210;-24.165;1563.834;76.194;94.195;1470.675;-37.037;87.439;1478.121;22.439;112.689;1290.520;35.064;106.376;1124.668;87.389;120.185;1204.808;-36.988;118.705;1186.511;25.201;-69.882;1291.310;14.203;-148.986;1102.870;69.241;-111.357;1222.020;-48.380;-102.184;1232.376;180.253;-43.251;1271.435;176.554;34.719;1327.015;196.527;87.488;1252.251;259.406;25.793;1192.380;292.103;-38.418;1035.257;318.586;-72.101;1093.155;299.155;-160.723;1110.268;168.910;-237.460;1186.314;207.722;-276.963;1143.113;219.312;-234.008;1167.278;-152.290;-34.472;1269.709;-137.495;32.796;1331.108;-148.690;98.831;1261.424;-220.594;3.797;1192.380;-233.909;33.881;1013.459;-267.494;-6.855;1063.713;-222.813;-59.180;1104.547;-169.699;-191.201;1149.623;-168.071;-215.859;1085.018;-197.514;-185.579;1110.317;138.876;-132.169;881.389;-128.224;-109.286;890.660;115.401;70.079;954.575;-82.359;81.816;963.452
26.631;48.478;1613.989;102.727;-18.642;1562.256;-46.013;-27.371;1566.102;74.912;89.954;1469.639;-38.220;82.704;1478.319;21.897;107.757;1293.479;34.719;104.749;1127.233;86.847;116.881;1208.112;-37.086;116.585;1189.569;23.968;-74.468;1290.915;13.661;-150.022;1101.144;68.501;-115.056;1221.033;-49.711;-105.587;1231.143;180.302;-47.492;1267.342;177.540;28.111;1327.360;195.640;83.937;1255.012;256.496;28.308;1188.632;280.810;-16.373;1023.569;311.485;-55.481;1075.647;297.627;-147.950;1081.319;180.795;-240.123;1156.872;209.004;-272.278;1100.848;226.265;-234.008;1130.833;-154.312;-37.678;1265.813;-139.418;27.174;1330.763;-148.690;96.168;1264.383;-220.840;6.954;1189.076;-229.372;53.805;1013.311;-264.535;8.236;1057.893;-223.010;-50.648;1092.317;-175.962;-189.919;1120.378;-170.537;-205.651;1053.159;-201.064;-178.231;1080.974;139.123;-130.689;881.339;-127.977;-107.856;890.266;115.697;71.263;955.364;-82.162;82.901;964.093
26.976;46.160;1614.038;102.973;-21.551;1562.848;-45.667;-30.922;1568.174;73.827;85.269;1468.554;-39.256;77.625;1478.319;21.699;102.530;1296.389;34.818;102.973;1129.945;86.748;113.281;1211.564;-36.741;113.872;1192.429;23.031;-79.252;1290.274;13.069;-151.057;1099.270;67.712;-119.149;1219.800;-50.994;-108.891;1229.713;181.239;-52.424;1263.594;178.576;20.910;1327.409;195.146;79.745;1257.971;254.031;30.280;1186.018;268.924;4.389;1016.369;303.495;-39.108;1061.987;294.174;-133.944;1054.343;189.475;-240.025;1124.619;206.982;-262.908;1060.113;229.816;-229.915;1093.648;-155.890;-40.736;1262.903;-140.750;21.946;1330.664;-148.542;93.011;1266.898;-220.446;9.419;1186.758;-223.849;69.586;1014.988;-260.688;20.664;1054.392;-221.728;-43.892;1082.207;-179.168;-187.206;1093.648;-171.869;-195.097;1025.246;-202.593;-170.291;1055.428;139.221;-129.111;881.192;-127.928;-106.278;889.921;115.845;72.446;956.153;-82.063;84.036;964.882
27.124;43.399;1614.088;103.072;-24.757;1563.489;-45.519;-34.522;1569.653;73.087;80.633;1467.814;-39.799;72.693;1478.220;21.897;97.450;1299.151;34.768;101.297;1132.559;86.847;109.680;1214.573;-36.544;111.259;1195.438;22.291;-83.838;1289.485;12.379;-152.191;1097.495;67.071;-122.996;1218.419;-51.980;-112.146;1228.480;181.929;-57.257;1259.944;179.661;13.907;1327.163;195.048;75.109;1260.388;252.304;31.711;1184.489;259.012;22.636;1013.015;296.098;-24.757;1052.370;288.996;-119.149;1032.988;191.349;-235.882;1092.662;204.319;-250.726;1024.802;228.879;-221.432;1061.198;-157.271;-44.040;1261.670;-141.588;16.916;1331.404;-148.295;89.510;1269.758;-219.410;11.146;1186.018;-217.832;81.373;1018.341;-256.102;30.083;1052.764;-219.607;-39.305;1073.576;-180.105;-184.247;1069.138;-171.474;-184.888;1000.637;-202.297;-162.745;1032.791;138.925;-127.632;880.945;-128.125;-104.650;889.526;115.944;73.482;957.041;-82.063;85.219;965.770
27.174;40.341;1614.334;103.121;-28.209;1564.228;-45.470;-37.974;1570.590;73.038;76.441;1467.765;-39.947;68.501;1478.319;22.242;93.061;1301.419;34.768;99.521;1134.778;86.995;106.327;1216.940;-36.297;108.891;1198.101;21.946;-87.882;1288.942;11.639;-153.622;1096.262;66.627;-126.349;1217.334;-52.473;-115.253;1227.740;182.472;-61.301;1256.936;180.647;8.039;1326.966;195.245;70.868;1262.361;251.367;32.944;1184.243;249.987;38.319;1012.374;288.750;-12.231;1045.712;283.177;-104.650;1015.333;190.609;-229.126;1063.565;201.360;-237.214;994.176;226.462;-211.174;1032.841;-158.011;-47.295;1261.473;-141.786;12.477;1332.489;-147.852;86.206;1272.569;-217.931;11.589;1186.117;-212.013;89.214;1022.139;-251.269;36.149;1052.123;-216.846;-37.185;1065.685;-179.661;-181.683;1046.057;-170.488;-175.962;978.000;-201.064;-156.285;1012.078;138.432;-126.448;880.600;-128.569;-102.973;889.132;115.894;74.123;958.175;-82.162;86.156;966.855
27.469;37.283;1614.679;103.220;-31.612;1564.820;-45.371;-41.032;1571.133;73.482;72.792;1468.011;-39.552;65.197;1478.516;22.686;89.461;1303.047;34.867;97.943;1136.455;87.241;103.614;1218.666;-36.051;106.771;1200.074;21.995;-91.088;1288.597;10.948;-155.298;1095.423;66.380;-129.210;1216.545;-52.769;-117.966;1227.296;183.064;-64.556;1254.717;181.535;3.403;1326.670;195.590;67.515;1263.988;250.825;34.029;1184.243;240.962;51.191;1013.212;281.204;-1.480;1040.879;277.061;-91.039;1000.291;190.215;-221.925;1037.920;196.872;-223.060;967.545;223.503;-200.374;1007.590;-158.307;-50.451;1261.374;-141.835;8.729;1333.179;-147.605;83.247;1274.493;-216.550;10.652;1186.018;-207.377;93.505;1024.999;-246.978;38.862;1051.236;-214.035;-37.382;1057.696;-178.625;-179.760;1024.259;-167.825;-168.071;957.287;-198.746;-151.057;992.598;137.742;-125.708;880.205;-129.111;-101.592;888.786;115.894;74.320;959.359;-82.211;86.847;967.890
28.012;34.374;1614.877;103.565;-34.768;1565.116;-45.076;-43.645;1571.379;74.123;69.635;1468.209;-38.911;62.435;1478.713;22.932;86.699;1304.329;34.916;96.809;1137.688;87.291;101.691;1220.047;-36.001;105.143;1201.504;22.193;-93.505;1288.104;10.554;-156.581;1094.684;66.380;-131.429;1215.806;-52.818;-120.037;1226.754;183.656;-67.169;1252.744;182.521;-0.049;1326.127;195.935;65.049;1265.270;249.839;34.867;1183.750;231.887;61.350;1014.347;273.511;7.496;1036.983;270.601;-78.759;987.913;189.130;-214.331;1016.122;192.385;-209.941;945.698;220.150;-189.771;986.433;-158.356;-53.459;1260.980;-142.032;5.474;1333.278;-147.654;80.436;1275.676;-215.268;8.778;1185.180;-203.234;95.083;1026.281;-242.836;39.207;1049.510;-211.717;-38.862;1049.707;-178.231;-178.527;1004.977;-165.310;-161.956;939.583;-196.872;-147.161;975.387;137.002;-125.314;879.860;-129.703;-100.458;888.540;115.845;74.271;960.197;-82.211;87.389;968.729
28.604;31.711;1614.926;103.861;-37.727;1565.116;-44.829;-46.013;1571.379;74.863;66.874;1468.258;-38.220;60.117;1478.762;22.883;84.578;1305.217;34.818;96.118;1138.625;87.093;100.557;1221.132;-36.149;103.910;1202.490;22.686;-95.329;1287.561;10.504;-157.518;1094.043;66.775;-132.958;1215.115;-52.473;-121.615;1226.113;184.297;-68.600;1251.018;183.360;-2.219;1325.437;196.182;63.668;1266.109;248.606;36.001;1182.813;222.862;68.945;1015.136;266.015;14.844;1033.728;264.239;-68.501;978.937;187.650;-207.525;1000.439;188.538;-199.240;930.311;216.944;-180.549;971.441;-158.109;-56.418;1260.043;-142.377;2.417;1332.736;-148.049;77.773;1276.071;-214.035;6.411;1183.651;-199.338;95.231;1026.331;-238.989;38.566;1047.389;-209.202;-40.390;1043.444;-177.491;-177.688;991.217;-163.682;-158.060;926.908;-195.294;-144.695;963.304;136.410;-125.117;879.613;-130.147;-99.718;888.392;115.796;74.320;960.542;-82.310;87.882;969.173
28.900;29.097;1615.025;103.960;-40.440;1565.017;-44.730;-48.281;1571.133;75.356;64.605;1468.554;-37.727;58.194;1478.910;22.538;83.247;1305.907;34.423;95.822;1139.266;86.650;100.162;1221.921;-36.544;103.171;1203.230;23.179;-96.464;1287.118;10.800;-158.208;1093.549;67.416;-133.747;1214.573;-51.980;-122.749;1225.620;185.086;-68.846;1250.130;183.853;-2.910;1325.092;195.985;63.668;1266.848;247.126;37.826;1181.876;214.577;74.172;1015.678;259.209;20.516;1031.509;258.420;-60.857;973.217;186.467;-202.593;991.365;185.086;-191.941;921.533;214.035;-173.891;962.564;-157.715;-58.539;1259.254;-142.673;0.049;1332.341;-148.542;75.701;1276.317;-212.999;4.537;1182.369;-196.379;94.787;1026.035;-236.178;37.727;1045.811;-207.081;-41.525;1039.893;-176.455;-177.540;983.918;-161.266;-156.334;920.398;-193.371;-143.610;956.695;135.966;-125.067;879.465;-130.541;-99.373;888.293;115.648;74.370;960.542;-82.458;88.129;969.222
28.702;26.384;1615.370;103.812;-42.708;1564.919;-44.878;-50.500;1570.738;75.405;63.125;1469.244;-37.678;56.714;1479.404;22.291;82.901;1306.351;33.930;95.822;1139.611;86.255;100.360;1222.414;-36.889;103.121;1203.822;23.672;-96.809;1287.118;11.146;-158.652;1093.648;67.909;-133.944;1214.573;-51.487;-123.243;1225.669;185.579;-68.501;1249.933;184.149;-2.614;1325.092;195.738;64.210;1267.292;245.548;39.404;1181.333;208.511;76.786;1015.876;254.376;23.771;1030.227;253.981;-56.813;970.455;185.234;-200.275;987.617;182.077;-188.489;918.031;211.618;-170.488;958.717;-157.468;-59.525;1259.500;-142.673;-0.838;1332.637;-148.739;74.863;1276.761;-212.259;3.452;1182.270;-194.505;93.652;1025.887;-234.402;36.544;1045.219;-205.601;-42.807;1038.956;-175.074;-178.675;982.242;-159.441;-157.025;918.968;-191.793;-144.498;955.216;135.769;-125.215;879.465;-130.689;-99.620;888.392;115.401;74.271;960.394;-82.753;87.981;969.123
28.061;23.968;1615.863;103.417;-44.434;1564.722;-45.322;-52.473;1570.097;75.159;62.534;1470.280;-37.974;55.876;1480.094;21.995;83.247;1306.302;33.486;95.921;1139.513;85.910;100.902;1222.365;-37.234;103.269;1203.822;23.968;-96.464;1287.414;11.392;-158.997;1094.141;68.156;-133.648;1214.918;-51.141;-123.341;1226.162;185.776;-67.811;1250.130;184.247;-1.677;1325.092;195.541;65.049;1267.095;244.759;40.095;1180.741;205.897;76.737;1015.333;252.107;24.067;1029.438;251.861;-56.517;969.567;184.346;-200.571;987.173;180.746;-188.784;917.637;210.336;-170.587;958.175;-157.271;-59.871;1260.191;-142.624;-0.838;1333.032;-149.035;74.666;1276.909;-212.013;2.515;1182.517;-194.259;91.680;1025.542;-233.959;34.571;1045.170;-204.911;-44.681;1039.548;-173.743;-180.943;983.869;-158.849;-159.638;920.250;-190.905;-146.964;956.646;135.818;-125.363;879.613;-130.689;-100.458;888.490;114.908;74.222;960.246;-83.247;87.389;968.975
